1.000000 0.017452 0.999848 0.017455
2.000000 0.034899 0.999391 0.034921
3.000000 0.052336 0.998630 0.052408
4.000000 0.069756 0.997564 0.069927
5.000000 0.087156 0.996195 0.087489
6.000000 0.104528 0.994522 0.105104
7.000000 0.121869 0.992546 0.122785
8.000000 0.139173 0.990268 0.140541
9.000000 0.156434 0.987688 0.158384
10.000000 0.173648 0.984808 0.176327
11.000000 0.190809 0.981627 0.194380
12.000000 0.207912 0.978148 0.212557
13.000000 0.224951 0.974370 0.230868
14.000000 0.241922 0.970296 0.249328
15.000000 0.258819 0.965926 0.267949
16.000000 0.275637 0.961262 0.286745
17.000000 0.292372 0.956305 0.305731
18.000000 0.309017 0.951057 0.324920
19.000000 0.325568 0.945519 0.344328
20.000000 0.342020 0.939693 0.363970
21.000000 0.358368 0.933580 0.383864
22.000000 0.374607 0.927184 0.404026
23.000000 0.390731 0.920505 0.424475
24.000000 0.406737 0.913545 0.445229
25.000000 0.422618 0.906308 0.466308
26.000000 0.438371 0.898794 0.487733
27.000000 0.453990 0.891007 0.509525
28.000000 0.469472 0.882948 0.531709
29.000000 0.484810 0.874620 0.554309
30.000000 0.500000 0.866025 0.577350
31.000000 0.515038 0.857167 0.600861
32.000000 0.529919 0.848048 0.624869
33.000000 0.544639 0.838671 0.649408
34.000000 0.559193 0.829038 0.674509
35.000000 0.573576 0.819152 0.700208
36.000000 0.587785 0.809017 0.726543
37.000000 0.601815 0.798636 0.753554
38.000000 0.615661 0.788011 0.781286
39.000000 0.629320 0.777146 0.809784
40.000000 0.642788 0.766044 0.839100
41.000000 0.656059 0.754710 0.869287
42.000000 0.669131 0.743145 0.900404
43.000000 0.681998 0.731354 0.932515
44.000000 0.694658 0.719340 0.965689
45.000000 0.707107 0.707107 1.000000
46.000000 0.719340 0.694658 1.035530
47.000000 0.731354 0.681998 1.072369
48.000000 0.743145 0.669131 1.110613
49.000000 0.754710 0.656059 1.150368
50.000000 0.766044 0.642788 1.191754
51.000000 0.777146 0.629320 1.234897
52.000000 0.788011 0.615661 1.279942
53.000000 0.798636 0.601815 1.327045
54.000000 0.809017 0.587785 1.376382
55.000000 0.819152 0.573576 1.428148
56.000000 0.829038 0.559193 1.482561
57.000000 0.838671 0.544639 1.539865
58.000000 0.848048 0.529919 1.600335
59.000000 0.857167 0.515038 1.664279
60.000000 0.866025 0.500000 1.732051
61.000000 0.874620 0.484810 1.804048
62.000000 0.882948 0.469472 1.880726
63.000000 0.891007 0.453990 1.962611
64.000000 0.898794 0.438371 2.050304
65.000000 0.906308 0.422618 2.144507
66.000000 0.913545 0.406737 2.246037
67.000000 0.920505 0.390731 2.355852
68.000000 0.927184 0.374607 2.475087
69.000000 0.933580 0.358368 2.605089
70.000000 0.939693 0.342020 2.747477
71.000000 0.945519 0.325568 2.904211
72.000000 0.951057 0.309017 3.077684
73.000000 0.956305 0.292372 3.270853
74.000000 0.961262 0.275637 3.487414
75.000000 0.965926 0.258819 3.732051
76.000000 0.970296 0.241922 4.010781
77.000000 0.974370 0.224951 4.331476
78.000000 0.978148 0.207912 4.704630
79.000000 0.981627 0.190809 5.144554
80.000000 0.984808 0.173648 5.671282
81.000000 0.987688 0.156434 6.313752
82.000000 0.990268 0.139173 7.115370
83.000000 0.992546 0.121869 8.144346
84.000000 0.994522 0.104528 9.514364
85.000000 0.996195 0.087156 11.430052
86.000000 0.997564 0.069756 14.300666
87.000000 0.998630 0.052336 19.081137
88.000000 0.999391 0.034899 28.636253
89.000000 0.999848 0.017452 57.289962
90.000000 1.000000 0.000000 16331239353195370.000000
91.000000 0.999848 -0.017452 -57.289962
92.000000 0.999391 -0.034899 -28.636253
93.000000 0.998630 -0.052336 -19.081137
94.000000 0.997564 -0.069756 -14.300666
95.000000 0.996195 -0.087156 -11.430052
96.000000 0.994522 -0.104528 -9.514364
97.000000 0.992546 -0.121869 -8.144346
98.000000 0.990268 -0.139173 -7.115370
99.000000 0.987688 -0.156434 -6.313752
100.000000 0.984808 -0.173648 -5.671282
101.000000 0.981627 -0.190809 -5.144554
102.000000 0.978148 -0.207912 -4.704630
103.000000 0.974370 -0.224951 -4.331476
104.000000 0.970296 -0.241922 -4.010781
105.000000 0.965926 -0.258819 -3.732051
106.000000 0.961262 -0.275637 -3.487414
107.000000 0.956305 -0.292372 -3.270853
108.000000 0.951057 -0.309017 -3.077684
109.000000 0.945519 -0.325568 -2.904211
110.000000 0.939693 -0.342020 -2.747477
111.000000 0.933580 -0.358368 -2.605089
112.000000 0.927184 -0.374607 -2.475087
113.000000 0.920505 -0.390731 -2.355852
114.000000 0.913545 -0.406737 -2.246037
115.000000 0.906308 -0.422618 -2.144507
116.000000 0.898794 -0.438371 -2.050304
117.000000 0.891007 -0.453990 -1.962611
118.000000 0.882948 -0.469472 -1.880726
119.000000 0.874620 -0.484810 -1.804048
120.000000 0.866025 -0.500000 -1.732051
121.000000 0.857167 -0.515038 -1.664279
122.000000 0.848048 -0.529919 -1.600335
123.000000 0.838671 -0.544639 -1.539865
124.000000 0.829038 -0.559193 -1.482561
125.000000 0.819152 -0.573576 -1.428148
126.000000 0.809017 -0.587785 -1.376382
127.000000 0.798636 -0.601815 -1.327045
128.000000 0.788011 -0.615661 -1.279942
129.000000 0.777146 -0.629320 -1.234897
130.000000 0.766044 -0.642788 -1.191754
131.000000 0.754710 -0.656059 -1.150368
132.000000 0.743145 -0.669131 -1.110613
133.000000 0.731354 -0.681998 -1.072369
134.000000 0.719340 -0.694658 -1.035530
135.000000 0.707107 -0.707107 -1.000000
136.000000 0.694658 -0.719340 -0.965689
137.000000 0.681998 -0.731354 -0.932515
138.000000 0.669131 -0.743145 -0.900404
139.000000 0.656059 -0.754710 -0.869287
140.000000 0.642788 -0.766044 -0.839100
141.000000 0.629320 -0.777146 -0.809784
142.000000 0.615661 -0.788011 -0.781286
143.000000 0.601815 -0.798636 -0.753554
144.000000 0.587785 -0.809017 -0.726543
145.000000 0.573576 -0.819152 -0.700208
146.000000 0.559193 -0.829038 -0.674509
147.000000 0.544639 -0.838671 -0.649408
148.000000 0.529919 -0.848048 -0.624869
149.000000 0.515038 -0.857167 -0.600861
150.000000 0.500000 -0.866025 -0.577350
151.000000 0.484810 -0.874620 -0.554309
152.000000 0.469472 -0.882948 -0.531709
153.000000 0.453990 -0.891007 -0.509525
154.000000 0.438371 -0.898794 -0.487733
155.000000 0.422618 -0.906308 -0.466308
156.000000 0.406737 -0.913545 -0.445229
157.000000 0.390731 -0.920505 -0.424475
158.000000 0.374607 -0.927184 -0.404026
159.000000 0.358368 -0.933580 -0.383864
160.000000 0.342020 -0.939693 -0.363970
161.000000 0.325568 -0.945519 -0.344328
162.000000 0.309017 -0.951057 -0.324920
163.000000 0.292372 -0.956305 -0.305731
164.000000 0.275637 -0.961262 -0.286745
165.000000 0.258819 -0.965926 -0.267949
166.000000 0.241922 -0.970296 -0.249328
167.000000 0.224951 -0.974370 -0.230868
168.000000 0.207912 -0.978148 -0.212557
169.000000 0.190809 -0.981627 -0.194380
170.000000 0.173648 -0.984808 -0.176327
171.000000 0.156434 -0.987688 -0.158384
172.000000 0.139173 -0.990268 -0.140541
173.000000 0.121869 -0.992546 -0.122785
174.000000 0.104528 -0.994522 -0.105104
175.000000 0.087156 -0.996195 -0.087489
176.000000 0.069756 -0.997564 -0.069927
177.000000 0.052336 -0.998630 -0.052408
178.000000 0.034899 -0.999391 -0.034921
179.000000 0.017452 -0.999848 -0.017455
180.000000 0.000000 -1.000000 -0.000000
